0.391754900154
1.05168675897
0.660175721785
0.422487196368
1.05589221846
-0.207861577017
-0.481868020892
0.322745518636
-0.559427295848
0.111138585197
0.264640838892
0.313752146968
0.0323688039257
0.925772424657
0.226403738829
0.607946907465
1.07112945732
-0.425863197977
0.594387032918
0.124554524794
0.694567613912
-0.567711581784
-0.648046549617
-0.274873845525
0.144646996829
-0.184513229101
0.848972664726
-0.0187001834421
0.180725014307
-0.544748520778
-0.745531537753
0.592327027668
0.26291206479
-0.43606813869
0.625765611805
-0.071068548847
0.415434740361
-0.319173557408
-0.712019346581
-0.241803288987
1.13694490711
-0.514250335507
0.843320500576
0.27339379199
-0.727783750415
0.251831067217
-0.321154237327
0.759595114661
0.404626355607
0.115717585765
-0.854288526829
0.356655118239
0.080496622141
-0.163296061069
-0.842762321376
0.989849217593
0.866983213264
0.0270819072509
-0.269458469234
-0.677593597784
0.752017969178
0.610865594101
-0.729936371055
-0.726537268515
0.128109570203
-0.786830429657
0.461660887405
-0.549344501443
1.17621137583
0.49604094872
0.103568493609
0.162270391734
-0.541000020065
0.523264970312
-0.0240469115519
0.248537288181
-0.197287643863
0.0456933714757
0.784052452765
0.639615001056
0.465296461259
0.856290294733
-0.925117583849
-0.397621748894
1.20835052126
0.94199517202
-0.254557082185
0.265066785282
0.41735172894
-0.383593557845
-0.741322644275
0.573242932911
-0.418955627486
-0.728066957925
0.142461411268
0.504363816887
0.0530377919398
0.956014800694
-0.910359149528
-0.318963314207
-0.535752142009
-0.302152945972
0.545235467845
0.361089055855
-0.676842034459
0.800844587107
0.821585428545
-0.348130655836
-0.0696639779759
-0.524072030133
0.332878796121
-0.198641310703
1.10481400303
-0.841869962608
0.51135078655
0.764810024056
1.26310337484
0.395953861319
-0.673651317039
0.384035877729
1.10150375166
-0.581110395719
0.81000099272
0.133813070391
0.895188685751
0.752725087889
0.833854465358
0.61845748843
0.383689416866
0.806335498514
-0.358471782745
0.65599156827
-0.656584457767
1.03593487656
0.334608065569
0.595646700609
0.907657396226
-0.231971899464
-0.978001860317
-0.528808002996
0.16017264629
-0.759960237874
-0.479028428077
0.0305917225298
1.10598768857
0.606322388563
0.659974658293
-0.801657650557
-0.464059000019
0.521470339339
-0.737873892065
-0.242466320908
-0.565179943023
0.249839459031
-0.875711457415
-0.743427793402
-0.570909470374
-0.172959164063
0.870347543046
0.437102516394
-0.0502602657737
0.807232627436
0.467656919219
0.779731011493
-0.478336233015
0.82563854726
0.441595747473
0.157734262652
1.08143974741
-0.185433847763
0.655489666743
0.754183651913
1.01068751739
0.891276622568
0.707586847175
-0.725270156395
0.519455831032
-0.273587587157
-0.616407494192
0.147579426255
0.625110445163
0.175949584222
0.615413014226
-0.188176995727
-0.403964845371
0.618012423922
-0.842393789603
-0.0115149210373
-0.742109075492
-0.319643750789
-0.995537057077
-0.755438800824
0.0772063855771
0.31760144873
0.501421493506
0.846620162513
0.616080984412
0.0375630017001
0.863168409898
-0.544227066125
0.188097660653
-0.852782009845
0.185294598179
0.51309237656
0.822234353151
-0.900228517897
0.199068984078
-0.263308710841
1.1382941062
-0.0891893273732
0.796558150558
-0.161932445065
1.03862281468
-0.375973387617
0.938278938787
0.504825013289
0.952903670535
-0.935485615161
0.0669025891976
-0.240489420744
0.273348802261
0.28961930274
-0.58752361534
-0.364855159281
0.54256799212
0.373670289593
0.189563167495
-0.146776844631
0.549393922144
0.568679680671
0.201168338093
0.110172268475
-0.286122506527
0.943891394282
-0.847253344438
0.0113632183971
-0.694890013184
-0.166213725938
0.718522624791
-0.535648614801
0.407795024006
-0.255568083123
-0.374296269686
-0.659457145976
0.355663911224
-0.31656103061
0.767274918974
-0.49219163535
-0.632116826345
-0.0127557291824
0.0332024650118
-0.285839861078
-0.416492460921
0.0398103082776
-0.0810487692333
-0.530131737492
-0.0795058181543
-0.0237134268828
-0.24268407713
0.195199895804
0.0969278601726
-0.779380116238
0.598473572204
0.345350884408
-0.244687720706
-0.475923943313
0.409090252383
-0.313506683477
0.912954199799
0.632732886858
0.719248532278
-0.81454420043
0.274408654546
0.0998211280955
-0.300806666554
-0.841553348758
0.875341876055
-0.622731646973
0.766558585341
0.489416685852
0.938281803729
-0.335876839926
0.253582451147
-0.866958601201
0.508944993159
-0.572444856276
-0.251594986613
0.478579919853
0.168115877831
1.08898285148
0.304585183605
-0.741105265721
0.520874105991
-0.695679127626
0.685031368072
-0.382095953111
-0.237215307493
-0.525629608027
0.380041945506
0.500673067453
-0.698105561318
-0.616613976211
-0.564979488376
-0.733618061904
1.05454495427
-0.335210857753
-0.93623585843
-0.46787766749
0.693859300913
0.917067801823
-0.822589010328
1.07082198004
-0.305367120508
0.710048525121
-0.120690917794
0.524378318311
-0.678131474437
0.56164430319
-0.196686030494
0.528180486462
-0.30000318564
0.0878855031849
-0.248220266172
-0.917402019711
-0.21273406797
-0.931554540659
0.499334631293
-0.528716887868
0.308609549957
0.941701809812
0.0903158435698
-0.966210059503
0.25974649979
-0.320969681263
0.799220370421
0.0613652686318
-0.668690280537
-0.743108700197
-0.1550992579
0.260230966946
0.574047301508
0.0457164696844
0.398136602259
0.407029667668
0.664468542528
-0.0492343406663
0.681928323668
0.688228746488
-0.382235884309
-0.875747557296
-0.422817133677
-0.219342609373
0.720287204565
0.611830551235
-0.667912656023
-0.226642781527
-0.0661058171424
0.507374032072
0.16308323372
-0.301097213679
0.51178952254
0.17748650735
-0.592802964101
0.362747030424
0.99814122329
0.369750633016
-0.610821957192
0.516974189981
-0.294136591051
0.0225528939883
-0.658052433415
0.766932884742
-0.638552200726
0.451663730443
0.785576043504
0.41266690878
-0.6151625938
0.478185720843
-0.0800526669772
-0.136021836531
0.633263989955
-0.286212476227
0.59996040574
-0.673499644356
0.623002972532
0.0674320118463
0.710354905163
-0.72552431703
1.17680174505
-0.406100703089
0.549507176343
-0.107887455482
0.818191475922
0.731778773619
0.451233354796
-0.811691377126
1.01311216145
0.591551934587
0.896233769487
-0.536854800541
0.639601582161
-0.623622366738
-1.0079201248
-0.791105932894
0.702497889337
-0.455437757939
-0.178577355923
0.609572640652
-0.0537496434266
-0.247354884128
0.500585865
-0.172155838401
-0.677734109316
-0.821117156825
0.430405851019
-0.375156056275
0.108781820896
-0.669748441298
0.529543482036
-0.194793171253
0.988965827598
0.443738083943
-0.839261584922
0.612593125263
-0.671983815326
0.0677944889547
0.238308760467
-0.848508329878
0.250714589785
0.3013015469
0.803703754561
0.351868962874
-0.216376474798
0.332655044921
-0.83167279567
-0.4044479252
-0.0579058333544
0.772952877573
-0.0649821026297
-0.657428216537
1.0690319905
-0.179868231653
-0.177958242543
-0.894159495296
0.184614891043
-0.907046636685
0.273218059659
-0.935720229469
0.74269312538
-0.0159645901731
-0.30561768194
0.705885723976
1.17646689873
0.497483882304
0.548970925477
-0.219740160044
0.999633104253
0.102386699188
0.306809691341
0.39260566819
0.915557077159
-0.904195272534
-0.488639067679
-0.120511809213
0.053219660987
-0.0090503920566
0.113021522344
0.575962100689
-0.426367687762
-0.215162055332
0.126093301813
0.44206158722
-0.559528826959
0.372472324821
0.418265615376
0.387515207749
1.04166432444
-0.440802106714
0.654394822308
0.628841185589
1.03994539983
-0.426472826727
0.414395336637
0.401157809842
-0.867878101394
-0.685303770847
-0.729556228392
0.853477120051
0.313402323375
-0.425448513999
0.660647731891
-0.33974920935
0.0695739275229
-0.268342087931
-0.418598056322
-0.322145496816
0.0631443980596
-0.743134899943
0.72694515353
0.150177716978
-0.0223994934479
0.197250147453
0.664893455868
0.327528010706
0.279229703922
-0.365907921406
0.964403026981
0.185757400774
-0.100308140471
-0.0725067223218
-0.619098561147
-0.513503572371
-0.357845935762
0.0185354191243
0.21896866669
-0.564654533338
0.793585496137
0.409383504742
-0.872219895054
-0.759580595073
0.834794538041
-0.769600911035
-0.697185719654
-0.796973204488
0.444649080676
0.864409734
-0.732265530317
-0.841983682133
1.11473723236
0.0392530846814
-0.850447540021
-0.911325679179
-0.232323711599
-0.549482163691
0.0499544789082
-0.238136209034
1.18447536802
-0.736140342088
-0.223282742114
-0.0764608367046
-0.368239197268
-0.127132809058
0.0609569702915
-0.250264264876
0.427792771227
0.988795447921
-0.83184937927
-0.544859548792
0.0579281756639
-0.88761446318
-0.00259812774958
-0.630671853996
0.0249873348405
0.710044481335
0.841857278935
-0.0507549012821
1.0435316359
-0.195239715848
0.303776156009
-0.731330603243
-0.707806932054
0.315491154471
-1.04556222671
1.02432355801
0.938801264396
-0.0768849546705
-0.930734099778
-0.892222703283
0.620891471016
0.483771562478
-0.873236315844
-0.873189037698
-0.648264860342
-0.612087712448
0.670916887369
0.362103565884
0.0120710439039
0.292177877551
-0.384750172497
0.452422399138
-0.527370609694
-0.788985190967
-0.20520496326
0.22924958669
0.445688611728
0.944861983246
0.54357726496
-0.00876330642505
0.934295786426
-0.140291568544
-0.779577406451
-0.588052737925
0.283187949887
-0.737240913191
0.872918215057
0.964588231849
0.665052082611
0.879341207752
-0.978734682619
0.936947489798
0.635674089815
-0.38839529068
-0.984098774045
-0.1483620768
0.763935026471
-0.331703081339
-0.212057693292
-0.749950417459
0.440251811517
0.447437798139
-0.492674562278
-0.644968931307
0.218365174285
-0.143898481247
-0.337754818674
0.636866157166
-0.717081108251
0.0184186887236
0.0671396585394
-0.384047482615
-0.65265001193
-0.598787944732
-0.7695295579
-0.624928442407
1.00190090271
0.222488904786
-0.305245923604
-0.545234924118
0.689867502265
0.94092097973
0.239492155196
-0.727371671239
0.326773801299
0.913780377219
-0.266086383511
-0.657762015863
-0.274872247011
-0.737036466747
0.739280934081
-0.540484134139
-0.377670097195
-0.0619338493444
-0.721096462534
0.691317190049
-0.221177521739
0.136301854524
0.393102491672
0.971389870605
0.101741201833
0.128542545843
-0.407938949015
-0.633325189815
-0.187138549301
-0.841770274045
0.376870896466
0.181221012214
0.996860301585
0.639114938647
0.704274879235
-0.745371188798
0.972333369739
-0.478312281238
0.445188740545
0.235443815775
-0.353899983765
0.610635996416
-0.0959657659853
-0.564400845401
0.769983315577
0.557556298237
0.286423903467
1.02991399893
-0.516852032638
-0.221980362525
0.821757647443
-0.657178246618
0.0215477069463
-0.414224369673
-0.0217157481346
-0.819749685222
0.601984464087
0.248992438339
-0.550568289422
0.480347000033
-0.268699483716
-0.271414217946
-0.364453260513
0.959691451639
0.436649018576
0.724162667044
-0.744331006345
-0.478686121192
0.0284317532182
-0.0428144280145
0.280640860788
-0.706939013677
-0.420101341639
-0.598997508701
-0.569256587881
-0.581098758257
-0.0883056577109
0.477666226364
0.559631044579
0.285452347263
0.97018548326
0.670089552115
0.882608152908
-0.624300049217
-0.504322691975
-0.908037748705
-0.143281064632
0.876875626693
0.0148639694799
0.397653393075
0.276324986727
-0.523227108502
-0.164911717867
-0.329117308633
-0.968877632646
-0.231813963373
0.49356057243
0.416667851427
0.680539001466
0.78645476068
0.768025736404
-0.316508105171
0.151309009193
0.310397257729
-0.633803858949
-0.401727724764
-0.358628130274
-0.217753291911
0.251035512575
-0.68292250918
-0.436321944371
-0.543465428202
0.945846857294
0.44804066092
-0.397665770918
0.139854824434
1.17484887087
-0.489098743468
-0.382850355387
0.542821166578
-0.245276234579
-0.7220218273
-0.408484767905
0.785521420666
-0.106188258101
-0.645289189139
-0.0292166475108
-0.182522521023
0.236321925304
0.864407545254
-0.80928134338
0.0789417244713
0.622904954465
0.212443557668
0.149226990149
-0.741241849758
0.602336096867
-0.00801306815466
-0.0367405137879
0.900655019243
0.87671311957
0.24685537419
-0.413709145716
-0.898183182987
1.39735852647
-0.518201066166
0.0183219240029
0.0292509641655
1.12288557806
-0.0769561778784
-0.41161556433
0.515497397529
-0.0821755783991
0.0690350779434
0.839338854829
0.41727078173
0.966078264704
-0.152306864541
0.629393406165
-0.584781234423
-0.501066469413
-0.305596663544
-0.920066758531
-0.467373915186
0.830312274521
-0.829533211098
-0.736254210562
0.252809673765
0.00906644907612
0.930835093557
-0.350087980834
0.0824025279077
-0.198943313796
0.190061371973
-0.462324740242
0.980498464399
1.17855895806
-0.249094308319
0.120144012476
0.0517209495778
0.969920642332
0.603864164275
0.463180426357
0.185842507324
1.08206192188
0.523453462791
0.490291781329
0.458474834137
-0.109456861131
-0.197140769253
-0.921843472919
-0.810824141837
-0.323706506185
0.669083399858
-0.835624192614
-0.610792952756
0.784695843599
-0.110799883542
0.35314929463
-0.719665745458
-0.730408718643
0.0119434089419
-0.18238947425
0.459484369104
0.179197084462
1.03505042595
0.445989703603
-0.151796598081
0.00388683070153
0.0880030119185
-0.580770172853
-0.424598952899
-0.141519435264
0.622452480664
-0.842475001671
0.904628928577
1.16972789721
-0.716049702982
-0.000105482109353
0.763574464396
1.11015507486
-0.852209382882
-0.466939674935
0.303787681386
-0.120347134219
-0.232754664682
0.597556922982
-0.803535735533
-0.448202645039
0.158682304348
-0.860991038226
1.02186574747
0.115647078765
-0.715216761744
0.338743412251
0.499900319366
-0.0603975914928
-0.307628547261
-0.0475372939037
0.748686530279
-0.285975452606
0.468406202846
-0.789439106186
1.01550349341
-0.0350344433491
-0.684885522331
-0.85034090547
-0.269765480259
0.0473436246784
-0.269463423125
0.342842159153
0.457088170355
-0.00237670077992
-0.586842707421
0.0953364455564
-0.691202298179
0.784054944405
-0.892256392209
0.126915826537
-0.497263827813
0.171616176801
0.168754985215
0.305964819447
-0.0902502812846
-0.451373016025
0.835951206558
-0.653918798202
-0.454241409263
1.06539925227
-0.778094887069
-0.252013618183
-0.0138580381165
1.06890057463
0.414120371437
-0.81759257096
0.40314311508
1.46099524717
-0.0502124874165
0.137482382831
-0.826401194914
-0.554284820024
0.0997968914728
-0.663381246661
-0.306233311534
0.70105070829
-0.890166998079
0.516045472942
0.676700386209
0.0224233337007
-0.859086060492
0.573463147845
-0.922795750799
0.981336901943
-0.0366303359676
0.638934587469
-0.33382428527
0.506938855319
0.740531402278
0.788516062879
-0.81611274857
-0.217582904497
0.143634808267
-0.755158379784
0.526658577986
1.09932553906
1.00431332146
0.00212080212246
-0.436070199261
0.656406391033
-0.432550656384
-0.366856293738
-0.29404751424
0.147868255349
-0.0499936164237
0.934654807184
-0.100764077235
-0.0797030752001
0.508805916786
-0.958969356557
0.939291560862
-0.58018254087
-0.785682934139
-0.585684837462
-0.436217420368
0.39204465748
-0.28166723647
0.170676859408
-0.44157634974
-0.22353864773
0.667505932882
-0.0942378001626
0.0161431544679
0.583156059683
-0.344941577918
-0.030286330758
0.510961754957
0.966640244739
0.0373027993971
0.656056691344
-0.0684333920868
-0.0731073803825
0.0173296113081
-0.480687238862
0.175639469411
0.319771891562
0.817359289462
-0.0850595900394
0.545873060001
0.763871048042
0.57176922088
0.286027066663
0.618769275738
-0.187568473423
-0.0763222158354
-0.227376248736
-0.918310938954
-0.234966198519
-0.602891052711
-0.556868495138
0.0271470443662
-0.503082439186
1.00032843831
0.465868498284
0.223013984471
1.19052487881
1.02306144567
-0.48388473802
-0.042386275204
-0.370896713618
-0.764607829017
0.406865774461
0.581923208359
-0.328321167989
-0.436967112032
-0.673082813488
-0.813874800278
0.407149970389
0.85055948603
0.0928771984752
0.0342796280107
0.180934955149
0.487254904979
0.860743915539
-0.538754161513
0.0970001985395
-0.636241762025
-0.778730637728
0.375688892088
0.63104862441
0.350799969856
-0.666138178488
-0.560985605812
1.19841485122
0.822198476023
0.86358403463
-0.0478501561374
-0.492155098138
-0.68063865369
0.75726173109
-0.247801099808
0.677458854679
0.447207396576
0.680155624099
-0.0212844361592
1.3109732694
0.148082389477
0.803667733545
-0.965761589756
0.335682688557
0.0236927180161
-0.442282034688
-0.140837820516
0.77254759453
-0.873121766177
-0.898520310424
0.481965448239
1.01576183432
-0.809128020085
-0.00228096764745
-0.596097649406
0.534711312344
0.571064156178
0.702953211369
0.91564516149
-0.127105527504
-0.706751620834
0.658112201426
-0.693786678952
-0.39263573129
-0.927228664767
-0.437305889304
-0.269408453966
0.0762306778502
-0.777603660367
-0.557286966496
0.870578931408
0.559199123737
0.757241980053
0.0450009631334
-0.344030103044
0.674737347483
-0.641377098981
-0.329760339654
-0.432142516134
-0.479577787993
0.274653838624
0.879832780132
0.370786383882
0.855135904529
-0.757163098399
0.235630478584
0.0538572999418
-0.609509563968
-0.672815330049
-0.158911522731
0.42856221953
-0.200938622909
0.666888785949
-1.03931398
0.652624721228
0.149352158843
0.787562750638
0.815700475593
-0.509306565106
0.118809307972
-0.541225231994
-0.186025352276
-0.115475687163
-0.208633215887
-0.767102943606
-0.647951402854
-0.269234989513
-0.0223719071373
0.740081028449
0.597694594776
0.890152046009
-0.716064704574
-0.176036113113
0.268382754983
0.197531258486
0.0731793522447
0.692494881949
0.48578711496
-0.0824016661558
0.885445004327
0.80527935497
-0.462768199813
-0.726863203634
-0.0279869584421
0.117056000197
0.0381361471951
-0.248974774067
-0.291525803974
0.233225215837
-0.885589071783
0.541073060925
1.44736650472
-0.28103632957
0.379543465734
0.944788162104
1.01130569383
0.179193104926
0.319555172281
1.04951925551
0.873044601065
-0.646646523131
-0.673746135811
0.280425069424
0.366894273346
-0.760755693184
0.173683435113
-0.893589627869
-0.297834766222
0.70860529065
0.810276609739
0.15835742021
0.710348575986
-0.400046825772
0.0487563163287
-0.548427677964
0.0673542958493
-0.102514499331
-1.00758247665
-0.0306032595437
0.96407303109
-0.03764842134
0.832676518914
0.749375598011
-0.463048156347
-0.102555860327
0.821176549677
0.684894566213
-0.426647923082
0.291766062041
0.379037891769
0.196993132058
0.292032498619
-0.877769538212
-1.01047911815
-0.873070498046
0.617726601699
0.186632559777
-0.188343988968
0.270828642979
0.51908219588
-0.173478912857
0.693110895847
-0.433442596522
0.905654448922
0.160990381918
0.498444471931
0.950156826233
0.00595312752534
-0.265080269504
-0.129672575259
0.242258174883
0.8435293895
-0.654369220725
-0.484259550386
-0.937918762453
0.214757630386
0.72203473632
-0.779785156705
-0.597223638881
1.11803783348
0.0204556190232
0.312533621189
-0.527820639299
0.737811096853
-0.549285069341
-0.0181947138983
-0.802227361745
1.33228394165
0.497095341015
-0.0936365755421
0.407774802392
-0.0837675482062
0.858275722562
-0.254554766395
-0.143445466654
0.0249453625881
-0.319740063638
-0.111189551347
-0.511510227742
-0.0941586978226
-0.185033963935
0.35612704402
0.0529750914726
0.419924376538
1.00474415969
0.254911054046
0.39519549199
0.319712681216
0.104306347148
-0.518591363314
0.723191780401
-0.56135700045
-0.0809404151915
0.243961569539
0.292260503287
-0.169704403085
-0.573157742624
0.976931824582
0.763256199044
1.07758399042
-0.327148698724
-0.612194378827
0.213981454578
1.44140257792
-0.904151252191
0.460625256961
-0.119162188438
-0.049561668757
0.452306336777
0.455140063217
-0.184015028001
-0.183490238644
-0.0528374664006
0.937465649733
-0.0418568130919
1.18872351875
0.534655711299
-0.430225513432
0.126302505868
0.764146661363
0.802034572935
-0.743075208968
0.937285790005
0.852552676828
-0.181323904173
0.451906841666
-0.206265822217
0.548897392493
-0.391652776307
0.854157489054
-0.030564313544
0.229102565781
0.607511207776
-0.897199140661
0.671927145686
-0.2281554455
-0.772872212487
-0.0639870367366
0.144316122282
-0.831412619264
0.261885162859
0.433669561525
-0.0714736840049
0.946769621407
0.77091567541
0.811564693644
-0.208988447435
-0.513234747448
0.118661564509
-0.374681187922
0.923780955211
1.01341089587
0.148011716184
0.675283481728
-0.433297163405
0.444394809917
-0.352937699776
-0.597070124934
-0.546962504608
0.898372473827
0.971143384262
-0.0620140107118
-0.741929927261
0.558321929503
-0.422061882121
-0.394643969076
-0.148397837387
-0.568087308667
-0.255224032649
0.760746558586
0.70634787454
0.416667759347
-0.845224044228
-0.656182961805
-0.110165021299
0.830303465992
0.722332136076
0.941345989714
0.459258867283
-0.539337992778
-0.807540864183
-0.570016989705
-0.472358741551
0.116224548282
-0.750823303824
0.287211439526
-0.706469540916
1.08879297265
-0.662923813059
-0.201867141581
0.467633373437
0.705339411448
0.427589186645
0.226773344361
0.767654384621
-0.177753852401
0.34700490275
-0.0628928345984
0.784058280241
-0.519829778875
0.0515068126431
-0.112690203314
-0.0765619534382
1.10038365022
-0.209355306343
0.120433831347
0.568284284959
1.12890390223
0.291974539425
-0.359501575849
0.127417589847
0.331577778933
1.09658384285
-0.0417800099478
0.790850438004
-0.754214979109
0.364241341646
0.170744390598
0.996827803778
-0.819141052149
0.281687879896
-0.968976066391
0.433981359081
0.566301919265
0.285021194436
-0.165036277912
-0.838537148138
0.597459371959
-0.2788850336
-0.647347217907
-0.247462113613
1.52347318871
0.411335897817
-0.896252640153
-0.489389692468
-0.0891055622368
0.179186050079
-0.0136911983576
-0.602609790849
0.956544394507
0.745184600458
0.960933983484
-0.0970396869471
0.626782275882
0.433792661883
0.916491468698
0.131093856914
0.0631839518833
-0.371544685163
0.429560114914
-0.382650783458
0.970065355676
-0.727437702369
-0.0233195420247
0.233793193552
-0.743375386486
0.698631880246
0.281305703668
-0.250353598969
0.397994072821
0.942046611398
-0.679954424635
0.385839032442
0.984734272567
0.54133694505
-0.159143376469
-0.496131135791
1.00582699144
0.197832769094
-0.441560564832
0.79786073955
0.698522161627
0.656256378435
-0.776712634752
0.36362265368
0.542526898432
0.493941123861
-0.333797294514
-0.771489631374
1.21443055475
0.590821278633
0.378869999267
0.796425370956
1.17901123258
0.447964832976
0.0667232206481
0.629640676408
-0.177490009364
-0.731660646694
-0.166342647616
-0.59535180727
-0.674483332638
-0.189065297593
0.676882901106
-0.635043534505
-0.146094825086
-0.406782171083
-0.798419205516
-0.175598652767
1.10723584007
1.01117058076
0.254073275145
0.152659197064
-0.713265386326
-0.437208303912
0.256635275203
0.206920267066
0.514010379835
1.01847649234
-0.413191970399
-0.683883326892
0.126695421757
0.174139215259
-0.0774530979113
-0.252440085487
0.194381085196
-0.724769362535
-0.0621658097595
1.07420683012
0.0229169872427
-0.211196615812
-0.131815123192
0.615266828228
0.431057130901
-0.637081985461
-0.980184125501
0.165810422123
0.142818033108
0.133299502744
-0.296863472416
-0.361695432564
0.00541208837253
0.43487068236
0.0142700052549
-0.188945218007
0.0246224012659
-0.0315654615037
0.794701446924
-0.458379988858
-0.678834160982
-0.224740616932
-0.399952667337
0.533019549575
0.629089643839
1.10438219367
-0.479610790888
-0.152995757723
-0.39979445106
0.162048102498
-0.385627522754
0.8767039133
0.101851604566
-0.430473078954
0.680379847717
0.112752481995
-0.417205770737
-0.454152032513
-0.215635265553
-0.297708507888
-0.422772624317
-0.146563893991
-0.501650715481
0.13137613823
0.715348222052
1.07889790027
-0.890568532691
-0.800943242199
-0.201747325359
-0.723198910472
-0.103778650658
0.337555361983
1.16447984091
0.441032906205
0.817322687909
-0.921237475536
0.142804728847
0.474874756202
0.372288685693
-0.666569523745
-0.622270936595
-0.155231434944
0.64514038608
-0.606694137279
-0.742233031776
-0.419297312402
0.774603774455
-0.860282443127
0.768050866951
-0.142349264446
0.542645249948
0.449863461259
0.896435232279
-0.193685317301
0.341495951187
-0.324474870471
0.80701852953
-0.228943973085
0.120277691132
0.267516568963
-0.343582156599
0.778584942531
0.0080642460348
-0.0870590338462
1.01512471455
-0.845394985946
0.356256975978
0.451158580138
1.22678660625
0.977595010946
-0.240955083307
1.03432291647
-0.647726406614
-0.192182400042
0.804425707341
-0.176918960554
-0.114191020116
0.937494033824
-0.0509361080632
0.991066282104
1.239088991
-0.444951066827
0.567180674006
0.22242449308
-0.379321485986
-0.469875963521
0.782180459107
-0.716398664836
-0.681016984112
0.793042208094
0.737000133545
0.131900955284
0.146999678377
1.04191828461
0.389197421954
-0.540437781002
-0.777720357659
0.60421452193
0.138076713361
0.646799047203
0.209332801987
-0.40392770403
0.615164198217
-0.673198858938
-0.565273599676
0.652344653831
0.214961780482
-0.57139274341
-0.0951601250689
0.312956133845
0.642516685378
-0.259783743105
-0.213278198216
-0.667482078095
-1.01634527602
-0.615208480583
0.891289181135
1.08941734195
0.534901368737
-0.121476388125
0.777413783089
0.320332594004
0.275477836322
0.076903768261
1.1711932821
0.772707552357
-0.890519386481
-0.470037298962
0.158918196273
-0.446555829129
-0.410072410281
0.874753173981
0.2661843436
0.0385317677705
0.742474503133
-0.504817669665
0.526650061463
-0.0344965156914
-0.769138248626
-0.652316052936
-0.0999747734931
-0.240275552899
0.477216160758
0.669308396917
0.373174570787
0.76563296645
-0.331741952787
0.57078170842
-0.0391440250744
0.663926957112
-0.107326865833
0.445220304891
-0.0721929030434
-0.272132801257
0.276790470945
0.897571545527
1.08352360463
-0.332123137834
0.508513002896
0.907994605531
-0.306955794777
0.0560340491157
0.705354152568
0.529536289819
-0.417853091728
0.0966080185516
0.372720160829
0.824379374435
-0.707684900067
0.556363303689
-0.707472038981
0.272584600338
0.0482114300739
0.668513896141
-0.36585860384
0.682217088648
0.0933276701786
-0.0856392528184
0.957460050189
-0.183429634725
0.245171751273
0.773330509763
0.136830102768
-0.38716159856
-0.0307355975225
-0.0414026890266
-0.0638635995833
0.297253353499
-0.279203960488
-0.192383416764
0.0447390756056
0.011119318208
-0.265690604395
-0.641416745567
-0.973313444362
0.25452032967
0.376567048749
0.882237429103
0.506522558648
-0.734857339833
-0.44938716194
-0.394493354439
-0.757119694661
-0.688032465169
-0.541584221468
-0.581178373483
-0.162281361205
0.217518579161
-0.336507764997
1.01045964719
-0.0856996585052
-0.0455269900146
-0.460195221622
-0.745662991788
0.036552379594
-0.213067871453
0.264480354038
-0.873163569986
0.460927883885
0.203918640072
0.0298504599183
0.782126218368
-0.909260863324
0.547988287586
0.405370914721
1.19584573916
-0.841096444285
-0.56545220482
0.144697163732
-0.778060406194
0.469549994967
-0.374173068992
0.474349974708
0.790280926846
-0.796630429494
1.12103942554
0.645538523636
0.429976535012
0.200625594917
0.61488008155
-0.387841385222
-0.654449348042
0.444761759936
0.0406005122598
0.679326705863
-0.388867089929
-0.535698363
-0.658670416538
-0.53333015577
0.414147759619
0.763643914398
0.169075779611
0.48790937356
0.358136337132
-0.610634662901
-0.113216852386
0.229411575505
-0.117686306679
0.16506119667
-0.506544410572
1.41810658251
-0.742828035442
0.80063334919
-0.458613910601
0.891938814564
0.748871698489
-0.917081858522
0.956340125679
0.993368248736
0.37036951812
-0.626987962266
0.646325608514
0.492100566838
0.334137626698
-0.173241813595
0.0412074415195
0.725458720288
0.723287303596
-0.773160381259
0.385850030324
0.593377711082
0.565336557469
-0.876931792823
-0.114001422275
-0.380510546202
-0.383828447684
-0.337472583385
-0.0945991213584
-0.43612471612
-0.0801078983624
0.523101972749
-0.741310610521
0.374773331057
0.0777922663234
0.699357058446
0.155282731188
0.950933750115
0.232409004824
-0.0271026377002
0.73350490752
-0.672621336436
-0.766118536994
-0.707773211896
-0.599549083651
0.549725892926
0.465584959382
-0.665336414237
-0.0463536051121
0.683060929809
-0.0764851158159
-0.47776154548
1.00897202521
0.840836073895
0.50231544319
0.883356450289
0.873052356227
-0.275448890532
0.505317236349
-0.263822228787
-0.893772549532
0.130233421213
-0.376963749834
0.397301217412
0.17880725179
-0.375547959044
0.580723171178
-0.578674398258
0.981602596429
1.07895019095
-0.700086248089
-0.432644974046
-0.151670938491
0.103117057332
0.649812608551
-0.263917643172
0.937936566844
0.985593907202
-0.0232405087864
-0.377673123829
0.195925933616
-0.0691827083918
0.955087290475
-0.852321112207
-0.473009630494
0.188598714872
0.324821045517
0.447588936151
-0.271763434773
0.900908363036
-0.17530667225
-0.495067167861
-0.593841631776
-0.458966182253
-0.706942078659
-0.0671513175374
0.209744642703
0.215786661352
-0.679380737954
0.438373546319
0.959707313997
1.05148343179
0.791238833001
0.362885202366
0.554158162791
-0.340369026665
0.771215373511
-0.551430600339
0.840143992839
-0.31549892883
0.848655260571
-0.239531971818
-0.283043252268
-0.497920619791
0.652881156747
-1.10761507789
0.524762573537
-0.593831053217
0.580154284885
-0.138077702727
0.283599034568
0.220690399067
1.22704087073
0.287456853378
0.655015906335
0.402165934369
-0.0676223269528
0.216625675516
0.21927486682
0.603423855967
-0.301467561021
-0.790251860081
0.5884668369
1.12113106177
-0.518001824882
0.661092683247
-0.410736157636
0.207556695652
0.813168260747
-0.466160062433
-0.0530374055143
0.734077109989
0.364270343615
-0.827888532166
0.957325454348
-0.354018992854
0.331377906171
-0.585288592842
-0.201879942941
-0.29663831412
0.108098979351
0.686715714825
0.365009508928
0.92299381953
0.922649024366
-0.993280811809
-0.312232917144
0.437331762253
-0.0289974080936
0.636150146872
0.294663917329
0.64073158235
-0.534347219326
-0.218892451008
-0.0922556113625
0.041346035384
0.33918295314
-0.790600553704
0.0038359105559
-0.164363309213
0.750015417719
0.690201402508
-0.443098233689
0.425265525327
0.964015342814
0.856305411501
0.148208007551
-0.212373122577
0.523050761391
-0.0597963120474
-0.665185906056
1.02178828377
0.845139492076
0.136191006689
-0.267050713607
0.66883267291
0.0855357555733
-0.19475848566
-0.296294220706
0.967202436483
-0.803299657174
0.639424598317
0.134254642997
0.203009941126
0.59351943499
0.244937474841
0.848890032546
-0.53381715391
0.737624297539
-0.33485740297
0.424075261736
0.749233940706
-0.474915414053
0.307600250328
-0.286617941734
0.477805306722
0.816676567842
0.748279184212
0.209652825477
-0.48889880919
-0.161846458369
-0.604430650404
0.790720595462
-0.638934912111
-0.360985402545
-0.00256554037552
0.0155188117447
-0.3508185314
-0.428298075583
-0.817730929249
-0.140842047172
-0.188896658903
0.684112908779
0.373941228328
0.911914800774
0.312739117446
0.380597580588
-0.517207666244
-0.657256901202
-0.4946039809
-0.345896954405
0.793860177222
0.0152688794269
0.775462810829
0.223385978662
0.284311835192
0.68418376824
0.12469158758
0.320227059316
-0.134865921019
0.99141234798
0.363667151465
0.530400011659
-0.284184206061
-0.19568639912
1.1797035196
0.316611965721
0.760997839935
1.00928079473
1.16082307923
0.862135676331
-1.00068389491
0.467116449408
1.28171228335
0.241679564399
-0.318538893588
0.831724272401
0.408789438287
-0.675931956489
-0.691613184209
-0.47173833011
-0.209232128264
0.155394125014
0.445749259719
0.575915219839
0.234344801381
-0.680711635112
-0.425263246679
-0.311194122756
-0.345726588003
1.13771057846
0.648549899844
0.387398708382
0.768547183556
0.925643079903
-0.268676566032
-0.717317664291
0.645725799756
1.10715063768
-0.106255205511
0.0651243655055
0.115040493065
-0.603157675809
-0.921064706665
-0.762516709482
1.07749351216
0.358167102749
0.0928694029042
0.552555856029
0.268560173738
0.459712924652
-0.035794640568
1.04264177528
-0.259424012508
-0.411699807407
-0.195429131391
0.293210385455
0.376876469833
0.822236656418
-0.206670371908
1.06562221986
0.565695278957
0.227260818029
-0.938322078638
0.672560565821
0.717279808788
0.969563083579
0.0895884370771
-0.601834732673
-0.24795979596
-0.0649107403948
-0.195563420961
0.537100781247
0.556274069227
1.01993288167
-0.657220360571
-0.445450927691
0.142202120055
0.489576937776
0.909641666605
0.930065157889
0.85457676461
1.00478177449
-0.588290249214
1.02741622856
-0.720097934492
0.245205085266
-0.222408640059
-0.125724204917
0.472089577907
1.05861289795
0.239005673469
0.547697983767
1.27114277521
0.252876969765
-0.557907379222
-0.343653519692
-0.0911528174198
0.264625767476
-0.162566717921
1.07511555428
0.81546490767
0.603745959652
0.265519262126
0.660677197264
0.369581602653
0.940953182236
0.775495363971
-0.498014708252
1.25526154759
1.23675328149
-0.204826698565
-0.0240212036599
1.32231065562
0.457429485744
-1.18554684087
-0.593558690334
0.258086835264
0.222700464282
-0.952807890538
-0.113091695105
0.251333495096
-0.255726515119
-0.230181172795
1.06314031336
0.955427739416
0.859931254248
0.712690068537
0.659624127018
0.353188375551
-0.0697064842987
-0.680992781439
0.348671221825
0.99447175885
0.53242434897
-0.0787008433678
-0.539086823197
-0.151029457226
-0.636183849582
-0.946983094247
0.950188851362
0.573990318505
-0.370661787879
0.19920397486
0.282581789645
0.0776820879057
0.433709795744
-0.703922561268
0.412130835406
-0.583161697662
-0.333076075807
-0.122356026121
-0.127525356124
-0.105334221428
-0.731779688165
-0.433476918227
0.617630001972
0.793117295264
-0.351721362028
-0.180754294211
0.452273058537
-0.54983263166
0.0057659336487
-0.629099623503
0.342268936919
0.641676025477
-0.595280597387
-0.397086404391
0.0172615058054
-0.18378086886
0.434984579446
0.225349166537
0.819060052495
1.12618426187
1.26191780555
0.242753895183
0.552475563736
-0.229692573142
0.357663645643
-1.0493386344
0.47937785534
-0.636790539542
0.289554607035
-0.993609967661
0.529232368904
0.1215734302
0.322859487
0.113647099018
0.708042854366
-0.317724144667
-0.249435818901
0.047840974574
0.870444527654
0.076793806807
0.0348917564054
0.229669276395
0.349631564038
0.719980621152
1.22714727436
0.178576479421
0.739471814995
-0.70367316886
0.993944722006
-1.0211338491
-0.497733293717
1.1105703736
0.0552857827001
0.0807301213934
0.190920340771
0.689578512222
0.0630938993592
-0.569268042748
-0.178167542459
0.260506100577
0.617448452424
-0.487873135248
0.0774529858577
0.719870519459
-0.0508505001443
-0.785685216965
-0.175578747584
-0.313681510898
-0.245650518513
0.684196482117
-0.324260941833
0.692995467799
-0.126333765465
-0.829358631377
0.196791255824
0.517996783101
1.06144750234
0.631191799304
-0.541634326318
0.80779037365
0.19023796948
-1.12670283012
-0.53956241443
0.920009730963
-0.200771569736
-0.861546301715
1.13559843334
-0.144055108075
0.776308665039
0.782547599522
0.134825850666
0.963752499712
1.26787520533
0.549132866916
-0.17022120494
0.674153371641
0.188943546184
-0.260127796314
-0.248216573842
1.23208082362
0.0724504728224
-0.765785286181
0.260159213109
-0.3899465621
-0.0709749292886
-0.962102742168
-0.564670442831
1.25680058131
0.142398076726
-1.11044603321
0.606692707163
0.86415617618
0.504512963056
-0.341522082417
-0.261226639158
-0.526496178298
0.178393272813
-0.11896814837
1.00442925533
0.414962911089
1.10176399557
-1.12760742101
-0.671997446236
-0.499334360743
0.333488115366
-0.884144747207
1.01656572907
1.16619102908
1.21296943726
-1.02698182402
0.800589745986
0.688870975192
0.742519883811
-0.749505658421
0.764410500571
0.756418429412
1.26846479903
-0.882860437993
-0.531990250771
0.563994922335
0.05582971982
-0.617757695267
-0.681244745208
-0.773110727138
-0.40460832429
0.56460127662
-0.689452894117
1.14322992159
-0.14505077954
-0.0883640448045
-0.75486735267
0.523919078115
0.164325518583
-1.18843262322
0.0810075478813
-0.213948877917
0.745240011198
-0.0586800198479
0.0874885952296
0.531550376517
-0.19124910901
0.192191241569
0.631308627943
-0.3930906457
1.29956778369
0.468988436868
-0.14944740211
-0.84164767491
0.0913010717638
-1.0491732367
1.00022491952
0.786864142015
-0.293468761365
0.384819657198
1.02642866289
-0.0314583484141
1.30789346331
-0.566634742754
1.07161972501
1.04222993183
1.26654027008
0.752329422149
-0.145973096032
0.90375659502
-0.678282630722
0.763243444736
-0.0424056018316
0.395925222738
0.836191778411
-0.0353281505988
0.981252533809
-0.387139200174
-0.174760833967
-0.710596129128
-0.430080251395
-0.587919359859
0.707009694077
-0.988278743765
0.376034831243
1.03809599433
-0.324868279028
-0.753743528502
-0.0531025116251
0.0269433137736
-0.55502355419
-0.757957354507
0.705783542199
-0.471522095054
-0.251594310299
-0.861534202466
0.552616459431
0.680518350869
0.583989404103
0.0232991110953
0.775184265223
1.08081981804
0.218701408982
-0.473406332808
0.540780949844
0.10456725925
0.538273693685
0.53190964388
-0.512412672135
0.945476613443
0.789387564835
0.364585009547
0.0912465450265
0.0556065183447
0.603011453791
0.130525600574
0.164271006559
0.791167136189
1.134168191
0.681044006336
0.278430377314
-0.0934846652378
-0.400665363012
-1.12775244591
0.362025409712
0.589895814515
0.0862406996596
-0.415364823207
0.127814270736
0.607560390673
-0.312832432785
0.343984706815
-0.0767284352652
1.13838834608
-0.197139284254
-1.148538614
-0.76214150097
-0.810702190439
0.225881596908
-0.8234990913
0.457443110597
0.604782635784
0.544717423336
0.25273517134
0.896340087699
0.733494003971
0.619793385841
0.718235934744
0.903912042043
0.647703738099
0.636364443827
0.442167847223
0.741599667047
-0.683610937837
1.12189120181
-0.864674598572
-0.649067732776
-0.712283402972
0.403219205636
-0.608460244395
-0.413096822756
0.00267114415346
0.580093178773
-1.02089030577
0.851658683134
-0.442644554844
0.98993986385
0.291997404429
0.82325650215
0.608849749352
0.764373153047
-0.7178816664
-0.248362207479
-0.53224782835
0.805962149117
0.503581133018
-0.237507514633
-0.485293138304
0.784182316245
0.344048417522
1.16904440665
0.957669464491
0.866428879858
0.40641084173
0.130910600293
-0.60621959857
-0.187811749749
-0.860724488394
-0.12308774776
0.529886722433
-0.123423121706
-0.249664339763
-0.74447046451
0.444683875556
-0.665771625257
-0.933504981418
-0.190482784492
-0.54801243
0.321053336137
-0.0534075134829
0.513501867841
0.28409090756
-0.864740729913
0.541450753729
-0.837209403952
0.435519822536
0.916757525696
0.229910320703
0.499062211674
-0.0329803199157
1.07858103131
-0.223407689653
0.190236293009
-0.511274010322
-0.773600198459
0.642609293839
-0.0635668179034
0.00393118341843
0.399814584726
0.016441252312
0.146317771329
1.059806771
-0.617035417713
-1.00175713363
-0.764982507136
0.417324607339
0.56362434217
-1.12090922142
-0.385996598666
0.782819333489
0.597989592005
0.176998610857
1.16945012017
0.355372914045
-0.566584777704
-0.532952643963
-0.55187297169
0.0879666760892
0.829369496821
0.812989524612
0.661676070806
-0.0205619195039
0.690883512574
0.802674847651
-0.71465775663
0.579996842282
0.666737712498
-0.803018816555
0.937242538969
1.01397656553
0.956345189326
0.154431242895
0.600272745439
0.590867435167
-0.670328579471
0.143695065607
-0.713328284411
0.490514633711
0.27012381555
-0.737213581556
0.597641914596
1.04609750915
0.585605963131
0.168615950147
-0.0505911556773
0.759692407137
-0.375684315735
0.367017383658
1.09244877783
1.14038087612
0.828543595323
-0.909827471923
-0.722452486085
0.246816126181
0.306825346759
0.0692722815952
0.469185445741
0.322792784521
-0.20664845446
-1.16433936117
0.421038588227
0.421431937775
0.0253356758971
-0.608569345177
0.0920807991475
-0.887809002918
-0.548217027123
-0.404226438523
0.37233185597
-0.378162244038
0.457052712581
-0.258908811139
-0.62052725193
0.564378900774
-0.272865754662
0.0968508560411
0.0338976028306
-0.722979169082
0.741361142394
-0.217331507829
0.256257950301
-0.0114155462549
1.15157550166
0.380538529927
-0.234244335432
-0.458437856521
-0.467578366764
-0.904320008578
0.31476891178
0.44528159294
0.743692083036
0.433684620286
0.394100927896
-0.312910460802
1.05591040509
0.908988883726
-0.483018218232
0.661191152587
0.443004088079
-0.834568473071
0.252132266395
0.0222134701837
0.0836165949898
-0.728120753162
0.641796012993
1.09416345005
0.704130518302
-0.767952531392
0.81828925837
-0.439911855527
-0.75377988182
-1.06965981287
-0.835351488723
0.627423663116
-0.00706236676055
-0.159688114714
0.946512013696
-0.0694718038587
-0.673051839316
-0.68711254756
-0.280535298464
-0.0635344294929
-0.363323639977
-0.626854922384
0.252609334295
1.26386865762
0.727253328143
-0.239205779472
0.730788032445
0.132544225322
-0.397846359671
-0.192103842211
0.94657512618
1.3223729575
-0.271452014729
0.422527958048
1.11611503226
0.891875984368
0.352252975399
0.691848020717
-0.778348219734
1.18692469786
-0.636834480783
-0.318737068558
-0.116286058734
-0.0150861746519
0.379454641428
-1.13151323281
1.07514259146
0.827081679228
-0.573909083837
-0.352732058153
-0.685827247485
0.255066168154
-0.0842258571113
-0.689267103478
-0.700467727325
0.81257691143
-0.674759007555
-0.925616799253
0.0906660642348
-0.15486986125
0.711836801262
-0.0104321077762
0.815559429994
0.364464706623
0.200261432526
-0.461854934148
0.683953950993
0.836278376821
-0.698519350915
0.480852115937
0.442160085237
-0.260241030343
0.323602207497
-0.348069198332
0.533855390278
-0.367368877792
0.757293428377
-0.0574584659811
0.263034030907
0.673761624167
-0.336518485422
0.076638870529
0.908711911733
-0.251292362797
0.70455012284
-1.02951828857
0.79731332959
-0.91914265177
0.174163667695
-0.755976366196
0.973596147321
-0.989781549299
0.645211444788
-0.062700767771
0.280465230972
-0.019607078785
-0.0138498460068
-0.680957440597
-0.315339413884
0.960372570363
0.33067602969
0.805291567335
0.280738761357
-0.115716318968
0.226213488747
-0.388506844436
1.14233676343
0.135672210037
-0.0836454079021
0.242201786374
-0.563869242826
-0.52460975609
0.691135147053
-0.209683453517
-0.499605863752
0.22715455745
-0.66633062975
0.876348972821
0.134432371702
0.110280204031
0.835719577286
0.237676499325
0.446794216438
-0.224661175647
0.459187705233
-0.150196691623
0.541820588099
-0.489624726606
0.169099863558
0.524645704821
-0.0305250896079
0.945816193206
0.944313173795
0.894305355397
0.961541566121
1.03658370798
0.16618702092
-0.782560286114
0.671759733499
-0.379577105866
-0.202978210631
0.118716802406
0.535239470605
-0.427954028092
-0.160901688554
0.861956279032
-0.595109168316
0.716684415977
0.762164213828
0.15026708344
-0.229564303259
0.889161767084
0.314615578416
-0.980822665661
-0.311890700656
-0.156122973399
-0.730388720234
-0.101771781683
-0.340009872975
-0.485622443
-0.537910123151
-1.01840201118
0.833341054468
1.58406309259
0.526124801009
-0.225511648765
0.298282209223
0.795971650489
0.00198939574937
0.471545033793
-0.231218781563
0.275952204165
-0.0237429682495
0.521211778594
-0.7041408251
0.713742192495
0.959044305411
0.311817526581
-0.61897462682
0.351744424197
-0.471233296954
0.519006212109
0.0191951344195
0.746233454268
0.520903686083
-1.09067961723
0.357598763889
1.1490072222
-0.444645978611
0.589221850534
1.01802980066
0.989896881381
0.995726764748
-0.728225685323
-0.643116674125
-0.803081720906
-0.715319138137
0.737452592071
0.636801352877
0.0491073423768
0.169512820333
0.231865363324
0.68215002861
-0.166938477151
0.976402718155
-0.828707931389
0.699869481071
0.123407503616
0.373047673199
0.753705055702
1.13151036453
0.574493312103
-0.587791646884
-0.208810473283
-0.609815538159
0.858104996548
0.292961408644
0.0906158358002
0.585563338985
-0.902290807392
1.124147374
0.533482062376
0.0849940522224
0.538643235198
0.53296496183
0.0130205769191
0.532835419848
1.01295216736
0.66144909378
-0.237352217884
-0.158985515421
0.519422593463
-0.344257126802
0.102116435343
0.811161473821
-0.307024038216
0.223747534391
0.35065045242
0.671455444039
0.580541112658
-0.644918684702
-0.757888077998
-0.534888419266
-0.402227467278
1.04658316396
0.0226535610154
-0.704807773556
-0.587309458444
-0.0356241959426
-0.52885289677
0.605520882937
0.687665590885
-0.478847027711
0.598223995621
-0.70342596578
-0.260737411792
0.991586188336
-0.278507248752
0.789880042312
0.302269363037
-0.852387490112
-0.721044741139
0.101581579138
-0.188541424845
0.310831683031
-0.786435504043
0.633758671375
0.250673439723
-0.502465865292
-1.06349053709
0.748669292618
-0.282349027374
0.125341441042
-0.652921480427
0.618126265325
1.20272020375
0.992932488459
0.170439252752
0.923528163799
-0.236862765103
-0.296329722147
0.07276644616
1.11721480226
-0.168632296616
-0.648051487013
-0.312419180105
-0.187603214316
-0.482027551385
0.129968569377
0.228677425237
0.135018382287
-0.0227576017011
1.11051047637
-0.187085190539
-0.589264458089
0.344797380476
1.14721501343
-0.715191755425
0.661669466051
0.840604438938
0.0391491623387
-1.13604040272
-0.812608928345
0.837908343873
-0.0416212996599
-0.0840163609182
0.160180482906
0.453127847565
-0.106168769081
0.636655683441
0.712942699375
1.07350545563
0.733907105876
-0.528887434264
0.987644459891
0.604707959545
-0.716718002077
-0.428602553772
-0.249951584999
-0.556907707074
0.135508920129
-0.370737263016
-0.872944760072
1.01982129387
1.26210245833
0.0866947141388
0.670326240219
0.703928231734
-0.665714567158
0.571791360259
0.899756320398
-0.409516156711
0.98082682044
-1.11340101715
0.566831390272
-0.493772632896
0.580829176048
-0.470805020426
-0.456727157601
0.544897751755
0.652228826807
-0.642170713562
0.381148682692
0.0147849641899
1.05812834604
-1.13070705658
1.13512749932
-0.208397055649
0.712044773855
-0.126131023505
-0.0992024512423
0.632973435911
0.34453434906
-0.0421208654919
0.361865538304
0.334767650818
0.127613654044
0.261962340349
-0.517874041456
0.711165950258
0.964298960245
-0.671433696219
0.446866851815
0.532314793785
-0.0611398543231
0.241876195075
0.597287711241
-0.369985464406
0.601822335021
-0.837879542724
0.767568702526
-0.542617192407
-0.410686807014
-0.186605244423
-0.769078611401
-0.0264734839736
-0.172906851467
-0.522130603635
0.825828655522
-0.136251509857
-0.692231780207
-0.127156190355
-0.0488648824674
0.518208104055
0.22694570301
0.418914093912
-0.0740578679619
-0.562402053728
0.0959657750379
0.687608234971
1.04602984938
-0.783294658003
-0.532992812835
0.560379527683
0.480321265149
-0.5196966754
0.807040070967
-0.70215081153
-0.34834323035
1.22267205894
0.531141569832
-0.19209935265
1.00415706943
0.695292953943
-0.377903596019
-0.362075907257
0.412033111494
1.2768507674
-0.140131327786
-0.570655837394
0.894631926639
1.05314139819
-0.418123292739
-0.544230111008
-0.287069642651
1.13916470573
-0.131981872439
-0.531954920791
1.15352273853
0.352407502224
-0.552421369855
-0.0695638837717
0.409799989565
1.18078707597
0.704076644781
-0.622376044963
0.247727398156
0.893421587863
1.02840381183
-0.431007733433
0.0259674016158
0.84997097644
0.402335369729
-0.185400448527
-0.434974912628
1.09361143092
0.925782403029
-1.11240929898
1.04297543004
0.635352905897
0.231208123355
-0.995397900773
1.04919905174
-0.673517715697
0.341796881696
0.59176374505
1.07206965093
-0.0907600267432
0.946800987642
0.418809285605
0.0688253959035
-0.00789625106255
0.313811170999
0.624724185606
-0.4960580736
0.438326778444
0.807786276852
0.738446087133
0.518963120966
0.189139866343
0.926442972038
0.00443262239493
0.550185619615
0.303410646099
-0.082440928608
-0.863280500983
0.511108181975
-0.00943592716008
0.593763131807
-0.180065246402
-0.395693734607
0.913286541855
1.04219091357
0.0397649372401
0.817259760146
0.126021752045
-0.884290251993
0.792745404072
0.8398282829
-0.412819389237
-0.317884087906
0.517528150729
-0.882922907103
0.649649594299
-0.883732300729
0.61659372988
-0.89816863579
-0.588717327294
0.168303383083
-0.896877207011
0.26152945185
-0.284993665573
-0.0371097196582
-0.558744796723
0.886638388439
0.656403512105
0.363466448898
0.0505370954309
0.756717691724
0.751564609121
0.142404878749
-0.49303534815
0.713103707018
-0.618467337541
0.454757720654
-0.265726518772
0.0705563287733
-0.244616328486
-0.770375361549
-0.711965762362
-0.0605193652631
-0.507479166329
-0.246912306705
0.459239301188
0.630514498224
-0.782013306236
-0.372447005511
0.633393018525
0.643171757869
1.02881098187
-0.20094177604
0.76043276377
0.338692164648
-0.0324158562649
-0.398405384811
0.108120454635
-0.438785032775
1.37762814567
0.544910503146
0.174588104372
1.03650489042
0.912804654703
-0.654651505305
-0.930515646563
0.608487386965
0.117095911108
0.181898438641
-0.271225973329
0.144434488305
-0.162317067624
-0.366272116535
-0.150214344676
-0.241938579702
1.27732295829
-0.725901479562
-0.0367776351191
0.947532022627
-0.115515993238
0.301113824631
0.704998914459
-0.730263796373
1.05651723217
1.08613025703
0.145780172695
-0.818522392463
0.619568924797
0.412311052669
0.935047206655
-0.0843195902767
0.948039811112
0.285693091168
0.535269625481
0.627187281406
-0.215225349778
0.471196985082
0.011771340228
-0.224789340718
0.100294095735
0.768520533203
0.560922269957
1.03436280119
0.470166005875
-0.678899805838
-0.933981795866
-0.0732175837997
0.495256826746
-0.593310289196
-0.57901865206
0.0882358007824
-0.475796475669
0.701375204198
-0.531498394123
0.865500633885
0.647298371191
-0.819257584155
0.7515139237
1.00346618254
1.182610116
0.42444061936
-0.28012724373
-0.903300553117
0.760978140248
-0.0196169460231
0.144683448126
-0.917696164407
0.967451976136
-0.601047974016
-0.022877848717
-0.58914946815
-0.684961166757
0.758678567488
-0.0250909352936
0.541780874847
-0.608023371048
-0.406642010855
-0.803886292871
-0.394749274243
0.464031521171
-0.0474900816864
-0.865926441989
0.0260574001099
0.918925507747
-0.37743601878
-0.505340335981
-0.795564198697
1.03308015664
0.998887520646
-0.237498336349
-0.272168673848
-0.430831285761
-0.840449373919
-0.959914081325
-0.405959333427
0.800971870397
0.0970248084637
-0.570918954636
-0.562251477937
-0.568417238334
-0.809499467756
-0.86782499582
-0.155164698532
0.956687202991
0.426488222322
0.643967104197
0.644537556161
0.0792043368525
0.330718842572
0.908083567277
-0.340487114152
0.587703788072
-0.0866486092192
0.381505575297
-0.316829557209
-0.400329385106
-0.612916079534
0.345997757448
0.136367701278
1.14270865302
0.4150529827
-0.184743259196
0.442109817234
0.00833710216358
-0.253604154056
0.498223195244
-0.432247939947
0.2048797188
-0.456017637004
0.470435928374
0.152181454013
-0.168564924073
0.00103449117932
0.707520143359
0.799410762349
1.38140318368
0.492516301155
0.188427598385
-0.658411263678
-0.100496043927
-0.126735077652
0.700517850678
-0.627052301997
-0.0646151490416
0.0974525003438
0.645868698988
-0.870773709978
-0.500661975815
0.250703260008
-0.534679109969
-0.726260750528
0.631689962959
0.143677470163
-0.413336391569
-0.868028432431
0.463388487136
-0.0672240941309
0.227056390254
0.195044713246
-0.184702232531
0.418674340577
-0.327527870672
1.00664198929
0.475877080422
-0.0893027757233
0.357364036664
0.699742345658
0.660176139377
-0.404154067436
-0.0665504325424
0.0881257139777
0.274447971397
-0.852112325883
-0.425748403317
0.610697029399
-0.205933794317
0.490127915026
-0.798097740821
-0.0157519152054
-0.504600088812
-0.488128720959
-0.444706843949
0.868449930263
-0.726547632885
0.22028213179
-0.164790897975
-0.68777306607
-0.0611032864797
0.719881607229
0.685774356298
0.811164804611
0.342380392178
-0.503003169119
0.523751848747
-0.718137957235
0.566108993026
0.311703481088
-0.220783730845
-0.184856764055
-0.610867215258
-0.740777391513
-0.458238061126
-0.444505427627
0.67710301276
0.511786886774
-0.842115636123
0.457892503626
-0.834174304794
0.361314415531
-0.697693205673
0.585019743722
0.715518227041
0.441328883349
-0.795015468774
0.0827281781789
1.12262309652
0.364207704743
-0.918865387156
0.794536683137
0.685743141225
0.106644758848
-0.958730841114
-0.0715829217596
0.647179037136
0.947348435806
0.483088660544
0.855569576609
-0.378455805263
-0.833277180551
0.117935729744
0.434317748208
-0.854818342669
0.307036104815
0.779770801492
0.96851335951
0.674287938669
-0.628923683527
0.907346828609
0.260233097641
-0.771196225273
0.983659708301
-0.825304688882
0.751083006595
1.17017334803
-0.88167869143
-0.358434532387
0.826491910389
1.10148274374
0.325667266905
0.433404046524
0.0289850687248
-0.326709655653
-0.304515769233
0.154017155457
0.422610860676
1.30037768566
-0.0293798600326
-0.613261137162
-0.0869831114774
0.170852756252
0.149906348916
-0.96276887806
0.306291084245
1.17072064636
-0.54629995221
-0.704031737971
-0.510401599369
0.211409552225
-0.0227316369728
-0.411456998987
0.0166114510367
-0.123912842253
0.348384719054
-0.558179269518
0.182360573313
1.09357481164
0.0165024043337
0.775158474873
-0.168331975513
0.84610004148
-0.816518754639
-0.484105326154
0.210102527151
0.381850456546
-0.803824671732
0.941815300156
-0.503569857259
0.425931514103
-0.456175958403
0.156893350338
-0.27223997637
-0.616538940074
1.05596976888
-0.442124743863
0.612422530162
-0.0805153742855
0.00468440855279
-0.0430463659422
-0.849066577357
0.797498946335
0.456832425922
-0.141668275078
-0.463482758575
1.09271476472
0.880547454661
0.285110453639
-0.295808864049
-0.0277514586021
1.03482877453
0.793560890579
-0.937554984695
-0.770079336176
0.328443267292
0.285755962969
-0.716000769214
0.494584854673
0.937803447064
-0.489320463532
-0.538095203286
-0.535310093006
0.689466618723
-0.993137803167
0.319708004352
-0.0175670596449
-0.553482032892
0.917144705611
-0.0832364804602
0.345999036616
0.175675304792
0.02853251031
0.522765027779
1.10947943496
0.965296356613
-1.04266670102
0.377659951237
-0.55116097494
-0.28717370991
-0.140163042975
0.532446018795
-0.547214624973
0.0335882713945
-0.392943855431
-0.0718485793513
-0.285300646884
-0.113237609979
-0.376105741324
-0.595874682328
0.108513336244
0.160150895265
0.148589839776
-0.103477801923
-0.121359112731
-0.791161080581
-0.961259333693
-0.735047369439
0.266172699921
0.320334454726
0.878273664409
-0.813569362148
0.72612031034
-0.261529683608
-0.704348760667
-0.35581748389
0.27468787931
-0.0022511055415
-0.395617296259
0.624538329948
-0.777378896531
-0.744721377482
-0.482965776083
-0.0384307091949
0.925689287725
0.893872856944
-0.0221151045794
-0.0656112744916
0.217702505025
1.03691095565
0.05823697408
0.29535578922
0.867113686041
-0.275389175501
-1.02399750487
-0.889362920437
-0.329839289068
-0.217455305347
0.326702473451
-0.110126526699
-0.49288816559
0.129923297807
-0.870119245318
0.142378795765
0.00229850235772
0.0940781950456
0.482619762567
0.583150165933
0.476265018979
-0.208511219536
0.316756033242
0.496661960006
-0.410001067178
-0.226510408919
0.473138394099
-0.577593803805
0.421092673388
0.015338554858
0.537994766652
-0.865142429401
1.22178833402
0.70276990443
-1.01316577105
-0.748226591013
1.44805071923
-0.328828328404
-0.845859911909
0.0473585460237
0.802624041034
-0.228106678861
0.517541770767
0.222400674043
-0.0295503355693
1.04068878353
0.386812369566
-0.739422103176
1.0208464842
-0.145808275795
0.59924019122
-0.528606259785
0.559042514744
-0.77822863075
-0.42676095412
0.814820390237
0.681882040135
-0.247329984928
0.386774550386
-0.707689484144
1.08070887922
0.99407055781
0.313740767594
-0.122084635136
-0.286842892977
0.532971574128
0.0235076739131
-0.167073308632
0.658987127518
-0.4098479203
-1.01488093865
-0.853508111607
-0.465378092288
0.374835432061
-0.0878248432104
0.649462077028
0.523933630337
-0.304890651057
0.0240348593813
0.410404518369
0.387020302611
-0.473137785298
0.784572673126
0.766723785833
-0.20647002369
-0.659512976845
-0.482138545413
-0.795043583208
0.346212341515
-0.855938733126
0.242849424959
0.00942595178405
-0.529146620126
-0.565805909572
-0.222341644613
0.44543394097
0.679768536869
0.803652710555
0.152748437942
-0.422201504903
1.06699108374
-0.368653788225
0.120959050371
0.397697983983
0.719306977911
-0.836733415708
-0.916191310638
0.747224157858
0.398190365725
-0.344233932176
-0.646003228548
-0.474818964704
-0.450517736519
-0.443869793009
-0.0686625652592
0.370288218853
-0.798590977012
0.925764546418
-0.976607054875
-0.26138304199
-0.422214430984
0.821224336929
-0.551714932789
0.337742377782
0.169362163363
-0.0215673783997
-0.833871876579
0.286798965903
0.949681577622
0.298307083152
0.520181700963
0.790248593815
-0.356219411402
0.0727676890716
0.613369167049
0.783093592986
0.535059720442
-0.911477001724
-0.0302416428512
-0.585506422276
1.3350887995
0.283264563837
-0.474052572406
-0.242900088089
-0.35199496973
-0.826671350102
-0.394907579998
0.525461913673
-0.160792255069
0.147538743258
0.293172309329
0.546654621383
-0.335342878985
0.751916360016
-0.639020236542
0.800200214227
0.33204643257
0.915623893471
0.376865573489
-0.543412921837
1.34844852101
-0.0673292142646
-0.734551103535
0.409159412851
1.33673838143
0.0597781780063
-0.502502817039
0.574483639713
0.590229205763
0.626710732971
-0.489982119283
-0.20582582224
-0.296742140598
0.565628708908
-0.427017691439
-0.483804365609
-0.215985584816
0.850353039925
-1.01767310346
-0.859090615149
0.211170403524
0.150755159453
0.529301338504
0.128963170192
-0.113128324309
0.497710729194
-0.0514175760051
-0.122431996511
-0.679704987349
-0.0753322745341
-0.950012261857
0.552274162489
0.637448214003
0.744463878676
0.149302924806
0.0756412149819
-0.371715082494
0.814933548732
0.867818805646
-0.709686904349
0.0973242759672
1.13620340496
-1.03833214675
0.253678896166
-0.0090466526459
0.484980994065
-0.0436902136984
0.754308760968
0.735163324307
0.434945196175
0.427213859712
0.496991485487
-0.457669411859
0.105087493484
-0.280731698683
1.04506974412
0.874389222507
-0.442132718997
-0.803512791249
0.385492076124
0.876624527997
-0.434234577144
0.732745546729
-0.367720563372
-0.353116111471
-0.689903605899
-0.119367812848
-0.510925441655
0.64235941407
-0.361743129671
-0.485377125314
-0.344088880761
-0.881303938709
-0.302705195383
-0.264022067049
-0.62491704593
-0.411475467631
0.682345606289
0.496995659977
-0.223951894229
0.343344862454
-0.654716571441
0.568237023672
0.81387433088
0.590305329613
-0.128876528866
0.867821759555
0.546584869226
0.0572435435438
-0.0897790842022
0.834663084295
-0.743549736313
0.70845630423
0.389072631675
-0.753593932225
-0.283132975663
-0.446479360015
-0.462345921776
0.144144533059
0.702874880982
0.319581961344
0.849228527278
-0.274194584985
-0.436218558361
1.22134750241
-0.765588421833
-0.334179495423
0.221440315648
-0.00706832002182
0.590107845996
0.526330173535
0.322532338042
-0.571253349064
0.259414643037
0.117874700232
0.0171681811396
-0.468937429198
-0.877967025338
-0.128608376013
-0.808550010685
0.310027801789
-0.860097183291
0.546880525039
0.0474658641924
-0.347783757085
-0.589391216242
0.115470453355
0.696282326531
0.785005269809
-0.690793981529
-0.672979510939
-0.69493453716
0.19126108785
0.435688004956
0.289688893243
-0.068720389757
0.65828022016
-0.0110000207996
0.434943179641
-0.908869567317
0.562378899053
0.693620513636
0.184681698556
-0.0791990682118
0.804977094776
-0.464086162018
0.743352836018
0.601433512977
1.1005218185
0.915008741498
-0.752315383053
0.238083011615
0.146932749063
0.156532698166
-1.00315231784
-0.574805153364
0.348040379423
-0.202245524936
0.114082276104
-0.740792584896
0.273590353309
-0.677151361393
-0.717902419485
0.401396115797
0.175243780526
-0.69411308356
-0.449709593242
0.185012617883
0.307573086871
0.597897169538
-0.35555838226
0.190844456031
-0.396083595222
0.602295149659
0.00970493939133
-0.826016656517
0.459710302199
-0.53760653908
-0.808833649038
0.478714805199
0.864378720996
1.13313713547
-0.581773710459
-0.0913572434609
-0.460279191409
-0.136991425932
0.785390356646
0.457535205417
0.910980659308
0.484349230058
-0.0866709934562
0.667922113828
-0.778275289101
0.379334786329
-0.37745456992
0.297031935525
-0.708027619189
0.945423258246
0.762132863786
0.268665471416
0.797991373388
-0.183847463063
0.128801381162
0.722925505454
1.06895726744
0.886889195718
-0.485545719545
0.00336518205553
-0.831843395086
0.160447762982
-0.541881548922
0.896690523139
-0.751970026032
-0.254345803225
0.713888265012
0.0893244661192
-0.742721762567
-0.594017872176
-0.372441371863
-0.557416083417
0.666392660959
0.730326650497
-0.226122915912
0.231213283351
-0.671272316377
0.94262192057
-0.510675588593
0.835334911363
-0.24561737326
0.427503677325
-0.265799819022
-0.776318843719
0.206090382549
0.335715787615
-0.833219728227
-0.0638384234325
0.289291204564
0.385971501272
-0.0281551871697
-0.66432402569
0.54769781216
0.824514247242
-0.689554155918
0.612579156656
0.281182475899
0.0257706244455
-0.131971883322
0.454600500654
0.226552495489
-0.0613653785941
0.74228456381
0.530033287582
0.161907787942
-0.502737104586
-0.196360408365
-0.397309431751
1.20535788215
-0.738271299674
0.697634787719
-0.424462201041
0.675565675358
0.835636780635
0.33849516863
-0.659644534979
-0.635875413666
-0.854117444559
0.233095424833
-0.32330304513
-0.0505196193523
-0.269199364903
-1.02013875707
-0.550279978007
1.00258421998
0.401546895055
-0.743866928355
0.0781168999996
0.231414292286
0.736729399212
0.711340015769
1.08712197267
0.675078660255
-0.425399655518
-0.390504707437
0.227425861894
0.33387037339
-0.655877883298
0.222378127388
0.0127881920639
-0.0695050878882
-0.0172255130416
0.649156695027
0.775835529579
0.470418572371
-0.403506184867
-0.219163329247
-0.183123009256
0.579792710879
0.558752177988
0.688972522444
-0.166798252632
1.18143118484
0.681300903002
0.652792939677
-0.804421348554
1.22665535427
-0.204960417949
-1.06100057562
0.294123079973
0.456367903868
0.211838877566
-0.259536723936
-0.0697299748569
-0.171009971931
-0.0381634537226
-1.06063433965
1.07069243921
0.394494463605
-0.712860682276
-0.731009965633
0.276975969337
0.214988020124
0.767220998751
-0.450166308335
-0.355889952351
0.1646380249
0.904120558677
-0.171418428396
-0.0592513811116
0.92497683246
-0.139070871064
-0.662505754965
0.878888242852
-0.223591917863
0.607626696766
0.0864055618098
0.193463211286
-0.608140965581
0.526984072373
-0.804437221458
0.0138569366914
-0.126614904296
-0.416044058316
-0.561985283782
-0.75958267119
0.394032691739
0.193011641671
-0.337411139939
1.14134026394
0.71356463597
0.092738057931
-0.42736478426
-0.806368911362
0.825985150077
0.0482024595272
-0.527085075399
-0.636185898115
-0.0178292539931
0.507721013806
-0.289175491224
-0.514274476612
0.587981341092
0.547277375971
0.696116317018
-0.000660049808792
-0.312872827543
0.707170700138
0.497384313632
-0.736604950869
-0.224145586774
0.636681248482
-0.917355809035
0.325704615202
0.971738031274
1.1079156387
-0.286311509247
-0.845022100788
0.425878348202
0.384707473438
-0.274557258008
0.0917152027818
0.483764153864
-0.222841047669
0.292837854724
1.05922166912
0.294536805304
0.158725653842
0.0419614576082
0.746457645187
0.835282323185
-0.49225435226
0.570408786693
0.493278625944
-0.489191031231
-0.562339177178
0.779999648024
-0.628751397746
-0.0259544542043
0.948598810825
-0.285144456075
0.664979303931
-0.313309352823
0.853179628732
-0.317764466959
-0.219756253282
0.918620485863
-0.0764813037867
0.06005468356
0.794258075187
-0.272411836321
0.680758839167
-0.303841026663
-0.78845386897
0.309527501722
-0.737541166483
0.313331971396
0.967205375135
-0.784906419551
0.573037103956
-0.161304382644
0.406517539977
-0.0903084588701
-0.472615098034
-0.00774627743769
-0.0994261993715
0.876296362654
0.921923809482
-0.854617496584
1.03118656227
1.1876167061
-0.551758970648
-0.915401910162
0.697220489625
0.89475144872
0.971433307799
0.327434679803
0.683878269711
1.42377625533
0.638441916306
-0.821600044619
0.162441572998
0.0134407683661
-0.496442941971
-0.0877941509195
0.157173479434
-0.578808071594
-0.838191719062
0.567048419204
0.378091531317
1.01725690451
0.0744648536635
-0.8566636201
0.685566338555
-0.344292265136
0.0784952180152
-0.808547701694
-0.774244116007
0.405541163704
0.717171814584
-0.47016371286
0.212841974282
0.673457063261
-0.602165796563
0.391661588022
0.764799222246
0.583659166174
-0.430441974543
-1.06135726846
-0.552292687985
0.984181409169
-0.240923730812
-0.747026425933
0.0465673093883
0.384692431193
1.10433869761
-0.626909151264
0.190666877871
1.34480510299
-1.90440000082
-0.200019791077
1.21520642869
0.953366469052
-0.0160519583917
-0.776059267624
-0.642476249087
