1.90928225618
16.8382986748
15.3974967405
0.250941669275
17.4817145292
14.8976843081
15.7156818856
2.55134772187
17.2770773427
15.9647571766
1.43023581769
16.9295444277
16.014042418
15.9182744392
0.932399993037
2.49036075515
8.44355896345
14.876396976
14.4806022499
8.58031222118
16.4299109185
15.3797763173
15.9708174647
7.05043494617
15.1240019011
15.2835305482
8.70530659858
16.2884295427
15.6743876201
14.1127004506
8.78759929388
8.9915745076
13.4367448255
-13.6857904998
-8.40787189663
8.37119591925
-6.88826414374
7.84982041616
13.5836593884
-12.3986766299
-10.52862594
9.52315690442
-7.07001784775
7.63514537298
-9.1351842608
10.139873047
12.5668541476
-12.2053974744
-8.6797209525
7.82665545553
-7.42818697719
6.72216799284
13.5677810911
-13.6011282406
-10.8603719192
11.2712670322
-7.57406873716
6.28629662636
-6.95056677099
7.69904524315
13.0028568853
-12.715864147
13.1191366322
-14.4644688763
